tb06:
    goals:
        x: [4.100000, 1.500000]
        y: [0.800000, 0.800000]
        ang: [-3.141593, 0.000000]
tb08:
    goals:
        x: [2.800000, 2.800000]
        y: [2.100000, -0.500000]
        ang: [-1.570796, 1.570796]
tb01:
    goals:
        x: [1.500000, 4.100000]
        y: [0.800000, 0.800000]
        ang: [0.000000, 3.141593]
tb_3:
    goals:
        x: [2.800000, 2.800000]
        y: [-0.500000, 2.100000]
        ang: [1.570796, 4.712389]
