tb07:
    goals:
        x: [3.021600, 0.578400]
        y: [-0.794626, 0.094626]
        ang: [-3.490659, -0.349066]
tb06:
    goals:
        x: [2.244626, 1.355374]
        y: [0.871600, -1.571600]
        ang: [-1.919862, 1.221730]
tb01:
    goals:
        x: [0.578400, 3.021600]
        y: [0.094626, -0.794626]
        ang: [-0.349066, 2.792527]
tb_3:
    goals:
        x: [1.355374, 2.244626]
        y: [-1.571600, 0.871600]
        ang: [1.221730, 4.363323]
