tb01:
    goals:
        x: [4.100000, 1.500000]
        y: [-0.400000, -0.400000]
        ang: [-3.141593, 0.000000]
tb06:
    goals:
        x: [2.800000, 2.800000]
        y: [0.900000, -1.700000]
        ang: [-1.570796, 1.570796]
tb08:
    goals:
        x: [1.500000, 4.100000]
        y: [-0.400000, -0.400000]
        ang: [0.000000, 3.141593]
tb_3:
    goals:
        x: [2.800000, 2.800000]
        y: [-1.700000, 0.900000]
        ang: [1.570796, 4.712389]
