tb01:
    goals:
        x: [-1.200000, -4.000000]
        y: [1.800000, 1.800000]
        ang: [-3.141593, 0.000000]
tb06:
    goals:
        x: [-4.000000, -1.200000]
        y: [1.800000, 1.800000]
        ang: [0.000000, 3.141593]

tb10:
    goals:
        x: [-4.000000, -1.200000]
        y: [1.800000, 1.800000]
        ang: [0.000000, 3.141593]

daniels-mbpr:
    goals:
        x: [-4.000000, -1.200000]
        y: [1.800000, 1.800000]
        ang: [0.000000, 3.141593]
