tb01:
    goals:
        x: [3.248000, 1.248000]
        y: [-0.426000, -0.426000]
        ang: [-3.141593, 0.000000]
tb06:
    goals:
        x: [1.748000, 2.748000]
        y: [0.440025, -1.292025]
        ang: [-1.047198, 2.094395]
tb08:
    goals:
        x: [1.748000, 2.748000]
        y: [-1.292025, 0.440025]
        ang: [1.047198, 4.188790]
