tb06:
    goals:
        x: [3.133662, 1.066338]
        y: [-0.426222, 0.326222]
        ang: [-3.490659, -0.349066]
tb08:
    goals:
        x: [2.476222, 1.723778]
        y: [0.983662, -1.083662]
        ang: [-1.919862, 1.221730]
tb01:
    goals:
        x: [1.066338, 3.133662]
        y: [0.326222, -0.426222]
        ang: [-0.349066, 2.792527]
tb_3:
    goals:
        x: [1.723778, 2.476222]
        y: [-1.083662, 0.983662]
        ang: [1.221730, 4.363323]
