image: 10x10_map.pgm
resolution: 0.0250000
origin: [-2.625000, -2.6250000, 0.000000]
negate: 0
occupied_thresh: 0.65
free_thresh: 0.196

